0.001 5.79978e-05 1.93195e-05 1.93428e-05 1.93356e-05 (count: 4.7976e+08)
0.002 0.000231986 7.72762e-05 7.73693e-05 7.73405e-05 (count: 4.7976e+08)
0.003 0.000521948 0.000173865 0.000174074 0.000174009 (count: 4.7976e+08)
0.004 0.000927858 0.000309076 0.000309449 0.000309333 (count: 4.7976e+08)
0.005 0.00144968 0.000482897 0.000483481 0.0004833 (count: 4.7976e+08)
0.006 0.00208736 0.000695312 0.000696155 0.000695893 (count: 4.7976e+08)
0.007 0.00284084 0.000946301 0.000947451 0.000947093 (count: 4.7976e+08)
0.008 0.00371006 0.00123584 0.00123735 0.00123688 (count: 4.7976e+08)
0.009 0.00469494 0.0015639 0.00156582 0.00156522 (count: 4.7976e+08)
0.01 0.00579537 0.00193046 0.00193283 0.00193209 (count: 4.7976e+08)
0.011 0.00701127 0.00233547 0.00233835 0.00233745 (count: 4.7976e+08)
0.012 0.00834252 0.00277891 0.00278235 0.00278126 (count: 4.79759e+08)
0.013 0.009789 0.00326072 0.00326478 0.0032635 (count: 4.79759e+08)
0.014 0.0113506 0.00378087 0.0037856 0.0037841 (count: 4.79759e+08)
0.015 0.0130271 0.00433931 0.00434477 0.00434304 (count: 4.79759e+08)
0.016 0.0148185 0.00493598 0.00494223 0.00494024 (count: 4.79759e+08)
0.017 0.0167244 0.00557084 0.00557794 0.00557567 (count: 4.79759e+08)
0.018 0.0187449 0.00624382 0.00625183 0.00624926 (count: 4.79759e+08)
0.019 0.0208797 0.00695486 0.00696385 0.00696095 (count: 4.79759e+08)
0.02 0.0231285 0.00770391 0.00771393 0.00771069 (count: 4.79759e+08)
0.021 0.0254913 0.00849088 0.00850201 0.0084984 (count: 4.79759e+08)
0.022 0.0279677 0.00931571 0.00932802 0.00932401 (count: 4.79759e+08)
0.023 0.0305577 0.0101783 0.0101919 0.0101875 (count: 4.79759e+08)
0.024 0.0332609 0.0110787 0.0110936 0.0110887 (count: 4.79759e+08)
0.025 0.0360771 0.0120166 0.0120329 0.0120275 (count: 1.91904e+07)
0.05 0.142363 0.0474081 0.0474932 0.0474619 (count: 1.91903e+07)
0.075 0.313721 0.104435 0.104695 0.104591 (count: 1.91903e+07)
0.1 0.543237 0.180757 0.181367 0.181113 (count: 1.91902e+07)
0.125 0.823427 0.27384 0.275052 0.274535 (count: 1.91902e+07)
0.15 1.14697 0.381204 0.383346 0.382421 (count: 1.91901e+07)
0.175 1.50707 0.500548 0.504015 0.50251 (count: 1.91901e+07)
0.2 1.89759 0.629792 0.63504 0.632758 (count: 1.919e+07)
0.225 2.31305 0.767084 0.774621 0.771346 (count: 1.919e+07)
0.25 2.74864 0.910798 0.92117 0.916667 (count: 1.91899e+07)
0.275 3.20012 1.05951 1.07329 1.06732 (count: 1.91899e+07)
0.3 3.66383 1.21199 1.22977 1.22207 (count: 1.91898e+07)
0.325 4.13658 1.36717 1.38954 1.37987 (count: 1.91898e+07)
0.35 4.61561 1.52415 1.55168 1.53979 (count: 1.91897e+07)
0.375 5.09854 1.68212 1.71538 1.70103 (count: 1.91897e+07)
0.4 5.58328 1.84043 1.87994 1.86291 (count: 1.91896e+07)
0.425 6.06805 1.99847 2.04474 2.02483 (count: 1.91896e+07)
0.45 6.55127 2.15577 2.20924 2.18626 (count: 1.91895e+07)
0.475 7.0316 2.31187 2.37297 2.34675 (count: 1.91895e+07)
0.5 7.50784 2.46643 2.53549 2.50592 (count: 1.91894e+07)
0.525 7.97899 2.61913 2.69646 2.66341 (count: 1.91894e+07)
0.55 8.44418 2.7697 2.85554 2.81894 (count: 1.91893e+07)
0.575 8.90265 2.91794 3.01246 2.97225 (count: 1.91893e+07)
0.6 9.35377 3.06365 3.16698 3.12314 (count: 1.91892e+07)
0.625 9.79184 3.20284 3.31842 3.27058 (count: 767568)
1.25 17.8896 5.82487 6.07843 5.98631 (count: 767520)
1.875 22.048 7.21308 7.46033 7.37462 (count: 767472)
2.5 25.1567 8.26035 8.48385 8.41245 (count: 767424)
3.125 27.7552 9.13076 9.34591 9.27855 (count: 767376)
3.75 29.9177 9.84789 10.0734 9.99642 (count: 767328)
4.375 31.7495 10.4465 10.6856 10.6175 (count: 767280)
5 33.2919 10.9624 11.1835 11.1461 (count: 767232)
5.625 34.6648 11.4191 11.6382 11.6075 (count: 767184)
6.25 35.8934 11.837 12.0466 12.0098 (count: 767136)
6.875 36.9869 12.2138 12.4128 12.3603 (count: 767088)
7.5 37.9848 12.5628 12.7445 12.6775 (count: 767040)
8.125 38.905 12.8889 13.0457 12.9704 (count: 766992)
8.75 39.7492 13.1837 13.3154 13.25 (count: 766944)
9.375 40.5268 13.4496 13.5801 13.4971 (count: 766896)
10 41.2607 13.6972 13.8285 13.7351 (count: 766848)
10.625 41.9443 13.9306 14.0543 13.9595 (count: 766800)
11.25 42.5722 14.1391 14.2634 14.1696 (count: 766752)
11.875 43.1724 14.338 14.4723 14.3622 (count: 766704)
12.5 43.7564 14.5422 14.6673 14.5469 (count: 766656)
13.125 44.3155 14.7259 14.8552 14.7344 (count: 766608)
13.75 44.8565 14.907 15.0355 14.914 (count: 766560)
14.375 45.3881 15.0865 15.2092 15.0923 (count: 766512)
15 45.9151 15.2624 15.3832 15.2695 (count: 766464)
15.625 46.4162 15.3278 15.609 15.4794 (count: 30624)
31.25 56.4749 18.7513 18.8665 18.8572 (count: 30576)
46.875 65.2133 21.8295 21.7457 21.6381 (count: 30528)
62.5 73.401 24.5541 24.4456 24.4013 (count: 30480)
78.125 82.2117 27.5655 27.3627 27.2835 (count: 30432)
93.75 90.2527 30.1829 29.9336 30.1361 (count: 30384)
109.375 98.541 32.9793 32.7354 32.8263 (count: 30336)
125 106.724 35.836 35.3902 35.4977 (count: 30288)
140.625 114.648 38.6058 38.1411 37.901 (count: 30240)
156.25 122.594 41.3103 40.8363 40.4475 (count: 30192)
171.875 130.683 44.0478 43.5021 43.1335 (count: 30144)
187.5 138.954 46.7805 46.4173 45.7558 (count: 30096)
203.125 147.292 49.6327 49.1837 48.4753 (count: 30048)
218.75 155.487 52.5863 51.8338 51.0667 (count: 30000)
234.375 163.803 55.6072 54.3463 53.8492 (count: 29952)
250 172.243 58.6229 57.0111 56.6093 (count: 29904)
265.625 180.368 61.4379 59.819 59.111 (count: 29856)
281.25 188.441 64.2738 62.376 61.7911 (count: 29808)
296.875 196.688 66.9731 65.1518 64.5628 (count: 29760)
312.5 205.108 69.8803 68.0211 67.2069 (count: 29712)
328.125 213.032 72.4402 70.6925 69.8996 (count: 29664)
343.75 221.566 75.5737 73.4053 72.5867 (count: 29616)
359.375 230.01 78.3907 76.2565 75.363 (count: 29568)
375 238.376 81.4625 78.8069 78.1063 (count: 29520)
390.625 251.238 83.6216 85.5004 82.116 (count: 1152)
781.25 465.035 159.489 152.716 152.831 (count: 1104)
1171.88 668.653 228.519 214.088 226.046 (count: 1056)
1562.5 875.714 290.122 283.821 301.77 (count: 1008)
1953.12 1083.23 354.517 343.848 384.868 (count: 960)
2343.75 1303.96 419.748 409.273 474.939 (count: 912)
2734.38 1540.38 486.927 477.017 576.437 (count: 864)
3125 1766.73 554.77 537.565 674.392 (count: 816)
3515.62 1999.25 629.003 583.64 786.611 (count: 768)
3906.25 2217.13 701.713 633.4 882.02 (count: 720)
4296.88 2420.35 779.584 687.027 953.74 (count: 672)
4687.5 2631.88 857.076 739.493 1035.31 (count: 624)
5078.12 2855.22 933.917 782.998 1138.31 (count: 576)
5468.75 3061.45 1019.58 812.517 1229.35 (count: 528)
5859.38 3302.87 1100.25 865.286 1337.33 (count: 480)
6250 3520.95 1186.94 904.721 1429.29 (count: 432)
6640.62 3779.39 1290.25 971.644 1517.49 (count: 384)
7031.25 4005.29 1372.38 1057.98 1574.94 (count: 336)
7421.88 4216.14 1422.11 1142.85 1651.18 (count: 288)
7812.5 4447.69 1453.63 1238.64 1755.42 (count: 240)
8203.12 4687.55 1490.93 1324.7 1871.92 (count: 192)
8593.75 4960.56 1566.91 1461.45 1932.19 (count: 144)
8984.38 5297.56 1699.81 1556.57 2041.18 (count: 96)
9375 5520 1806.56 1579.31 2134.14 (count: 48)
